1024
8
18
202
189
132
127
11
158
52
179
227
254
152
56
127
233
221
151
21
72
150
41
109
88
94
42
161
91
190
15
33
142
81
25
249
90
37
43
87
206
101
217
71
77
53
193
194
132
222
30
231
159
43
154
136
189
19
100
232
161
151
131
195
170
238
106
143
5
224
204
2
33
112
177
212
99
189
202
198
28
42
1
227
184
189
85
6
56
197
229
156
226
192
74
171
54
123
42
20
37
123
10
21
126
156
100
17
169
248
250
148
151
10
105
146
249
20
1
239
176
189
212
68
133
255
13
225
27
64
132
14
33
191
143
151
204
50
26
135
133
174
250
51
223
198
126
122
203
247
71
76
15
68
90
105
244
29
116
107
63
133
158
7
99
116
0
144
245
122
250
188
96
166
113
171
218
166
103
37
151
47
207
36
60
160
159
146
150
226
38
83
140
146
160
134
82
98
8
8
224
188
45
58
163
169
8
5
114
242
77
27
195
133
64
127
31
25
202
71
211
21
204
161
233
174
179
20
86
80
77
8
117
64
219
137
180
127
103
72
142
241
87
226
185
190
67
101
160
249
4
17
19
128
13
91
61
35
255
56
215
8
119
151
156
77
42
47
253
240
53
124
21
236
174
4
223
165
127
223
167
134
116
118
190
233
146
139
114
55
171
122
61
80
47
190
61
45
69
182
228
196
26
169
241
43
121
9
159
1
157
244
28
10
67
0
60
25
3
56
111
51
223
98
241
241
29
132
64
38
82
166
211
194
192
216
9
246
225
119
96
153
68
173
231
203
152
55
246
216
7
107
28
95
197
121
89
179
232
241
141
129
122
133
49
179
204
17
69
149
14
216
137
54
29
16
240
18
156
162
82
237
70
43
97
2
130
70
222
93
56
13
13
134
228
221
102
95
233
90
141
79
39
179
132
160
207
40
32
38
118
201
185
34
105
128
38
101
65
81
232
185
183
225
166
124
185
53
218
142
189
189
201
110
85
145
184
159
3
250
93
81
79
52
148
61
24
114
83
209
40
35
224
141
11
116
65
173
32
22
245
8
240
65
225
56
191
249
141
251
97
144
144
217
79
108
73
7
250
10
208
140
95
67
44
162
220
206
199
95
66
7
31
148
43
238
189
246
142
115
107
123
144
241
162
7
157
248
66
72
184
79
133
222
15
57
54
192
211
248
30
219
70
144
192
252
22
205
70
239
233
135
186
233
57
37
121
35
98
96
229
200
249
74
91
17
96
142
101
174
151
249
48
105
85
57
64
6
88
229
98
109
249
190
226
11
3
53
255
117
197
45
156
78
102
1
56
108
121
201
32
54
209
217
227
80
151
139
7
123
153
63
250
182
229
159
75
169
151
40
26
68
239
230
206
164
167
126
6
54
131
114
209
30
41
161
33
218
51
13
125
34
131
225
247
19
214
179
94
141
156
6
180
218
8
19
226
144
99
201
171
184
165
18
223
47
70
88
209
77
82
72
10
197
188
213
63
204
244
128
129
126
187
215
180
125
55
60
66
219
66
232
17
58
8
48
178
49
209
6
219
242
27
194
23
42
236
35
188
41
102
144
29
67
156
164
2
118
164
234
85
77
238
229
30
3
211
84
178
236
113
179
38
17
183
5
10
26
188
209
84
114
85
107
155
165
230
116
134
13
120
164
131
173
12
199
188
93
47
6
71
40
207
104
156
242
77
153
77
93
211
233
241
238
232
151
97
108
66
80
40
137
219
243
52
197
71
151
210
142
68
207
217
172
147
45
36
220
6
4
70
187
219
114
122
230
72
158
217
96
87
63
208
52
244
94
208
91
68
92
71
223
57
54
208
65
100
8
166
25
10
208
95
252
121
117
215
162
156
8
106
72
206
73
102
84
236
109
191
56
174
30
5
152
55
196
148
175
234
3
11
239
128
132
255
231
87
249
240
106
13
91
123
238
78
118
210
50
234
168
106
36
43
230
243
1
101
255
141
190
206
37
57
167
144
169
141
70
29
6
173
134
195
33
118
24
128
207
252
22
23
152
55
230
99
187
249
98
236
113
35
53
184
118
25
136
100
198
115
223
115
164
246
61
229
225
194
143
11
91
204
71
155
196
143
72
0
165
255
2
243
162
191
222
79
255
147
220
33
99
24
122
255
220
179
217
156
36
199
27
153
35
43
15
157
180
219
16
167
172
237
42
163
25
199
127
60
199
144
233
242
9
228
225
108
181
204
160
15
113
237
131
207
45
255
180
69
241
129
7
2
217
171
34
36
94
165
225
39
214
246
249
253
62
63
219
96
56
41
219
103
80
156
145
87
131
50
127
188
2
235
245
185
51
34
50
